"Index","KernelName","gpu-id","queue-id","queue-index","pid","tid","grd","wgr","lds","scr","arch_vgpr","accum_vgpr","sgpr","wave_size","sig","obj","DispatchNs","BeginNs","EndNs","CompleteNs","DurationNs"
0,"__amd_rocclr_copyBuffer.kd",3,0,0,538111,538111,1024,512,0,0,20,4,32,64,"0x0","0x14b12d015dc0",4504412593576690,4504412593741664,4504412593747264,4504412593759354,5600
1,"__amd_rocclr_copyBuffer.kd",3,0,2,538111,538111,1024,512,0,0,20,4,32,64,"0x0","0x14b12d015dc0",4504412593764654,4504412593863264,4504412593868224,4504412593884856,4960
2,"__amd_rocclr_copyBuffer.kd",3,0,4,538111,538111,1024,512,0,0,20,4,32,64,"0x0","0x14b12d015dc0",4504412593879456,4504412593887424,4504412593892064,4504412593896447,4640
3,"__amd_rocclr_copyBuffer.kd",3,0,6,538111,538111,1024,512,0,0,20,4,32,64,"0x0","0x14b12d015dc0",4504412593907827,4504412593919104,4504412593924064,4504412593925317,4960
4,"__amd_rocclr_copyBuffer.kd",3,0,8,538111,538111,1024,512,0,0,20,4,32,64,"0x0","0x14b12d015dc0",4504412593935067,4504412593943904,4504412593947584,4504412593949448,3680
5,"__amd_rocclr_copyBuffer.kd",3,0,10,538111,538111,1024,512,0,0,20,4,32,64,"0x0","0x14b12d015dc0",4504412594108251,4504412594120385,4504412594124065,4504412594125331,3680
6,"__amd_rocclr_copyBuffer.kd",3,0,12,538111,538111,1024,512,0,0,20,4,32,64,"0x0","0x14b12d015dc0",4504412594134831,4504412594144065,4504412594147746,4504412594149641,3681
7,"dsph::dambreak::k_taitPressure(unsigned int, float, float, float, float const*, float*) [clone .kd]",3,0,14,538111,538111,4096,256,0,0,28,4,32,64,"0x0","0x14b12cff9700",4504412594538439,4504412594552388,4504412594558628,4504412594559919,6240
8,"dsph::dambreak::k_addGravity(unsigned int, float, float, float, float, float*, float*, float*) [clone .kd]",3,0,15,538111,538111,4096,256,0,0,12,4,16,64,"0x0","0x14b12cff9740",4504412594565329,4504412594575428,4504412594578628,4504412594582049,3200
9,"dsph::dambreak::k_integrateEuler(unsigned int, float, float*, float*, float*, float const*, float const*, float const*) [clone .kd]",3,0,16,538111,538111,4096,256,0,0,12,4,32,64,"0x0","0x14b12cff9780",4504412594575859,4504412594583748,4504412594587268,4504412594588000,3520
10,"__amd_rocclr_copyBuffer.kd",3,0,18,538111,538111,1024,512,0,0,20,4,32,64,"0x14b11efff280","0x14b12d015dc0",4504412594617450,4504412594629508,4504412594636548,4504412594638100,7040
11,"__amd_rocclr_copyBuffer.kd",3,0,20,538111,538111,1024,512,0,0,20,4,32,64,"0x14b11efff180","0x14b12d015dc0",4504412594661931,4504412594672868,4504412594679428,4504412594694962,6560
12,"__amd_rocclr_copyBuffer.kd",3,0,22,538111,538111,1024,512,0,0,20,4,32,64,"0x14b11efff080","0x14b12d015dc0",4504412594719502,4504412594729989,4504412594736709,4504412594737682,6720
